7099048
6574037
-539445
-877237
1254799
-498824
-500046
5772838
6679758
896440
4044776
2443570
3181416
6122385
-511425
7611489
365477
5528395
927163
8751904
3568968
5639005
2833520
2396169
-444542
6069092
2212263
3961595
9632615
3528769
597324
3086919
1850104
2981436
9947335
807881
8456773
5528701
3214668
6084990
8374449
188009
9230056
7315865
7496278
5658624
415101
7163179
7832036
5712909
1308522
7710283
4385779
6261443
8285737
4747470
2493829
6504222
1044721
1113923
5286442
5891868
6510776
9252067
1131339
6459198
8885696
2584280
6787274
3831192
7702669
9300645
7820431
2677818
8403974
7130777
55601
9230340
6129211
2486045
7489350
710943
2084487
8823353
8684780
4450542
2970154
8520873
-719668
9723827
-377356
7074072
3469924
4695395
8400205
51008
539939
1419050
7674195
2097969
